10,199
10,253
10,159
10,73
10,187
10,65
10,183
10,157
11,29
11,5
11,17
11,15
11,25
8,8
8,12
8,9
8,16
0,318
35,7
35,6
35,5
35,4
35,3
35,2
35,1
35,0
34,5
34,4
34,3
34,1
33,96
33,95
33,94
33,93
33,92
33,91
33,90
33,89
33,88
33,87
33,86
33,85
33,84
33,83
33,82
33,81
33,80
33,79
33,78
33,77
33,76
33,75
33,74
33,73
33,72
33,71
33,70
33,69
33,68
33,67
33,66
33,65
33,1
33,64
33,37
33,36
33,35
33,34
33,33
33,32
33,31
33,30
33,29
33,28
33,27
33,26
33,25
33,24
33,23
33,22
33,21
33,20
33,19
33,18
33,17
33,16
20,3
20,2
20,1
19,3
19,2
19,1
18,1
12,3
18,3
12,2
12,1
11,27
11,26
11,24
14,1
11,19
14,4
11,14
14,3
11,13
11,9
13,1
11,3
13,3
11,2
11,1
10,291
10,249
10,191
10,179
10,161
