3,2
3,1
3,3
10,75
10,69
10,205
10,203
10,269
10,11
10,33
10,2
10,3
11,17
11,4
11,12
11,8
11,27
11,2
11,3
9,7
9,2
9,3
8,15
8,10
8,12
8,8
8,14
8,4
8,7
8,2
8,3
35,7
35,6
35,5
35,4
35,3
35,2
35,1
35,0
34,5
34,4
34,3
34,2
34,1
34,0
33,67
33,66
33,65
33,64
33,37
33,36
33,35
33,34
33,33
33,32
33,31
33,30
33,29
33,28
33,27
33,26
33,25
33,24
33,23
33,22
33,21
33,20
33,19
33,18
33,17
33,16
33,15
33,14
33,13
33,12
33,11
33,10
33,9
33,8
33,7
33,6
33,5
33,4
33,3
33,2
33,1
33,0
31,7
31,5
31,4
31,3
31,1
30,4
30,3
30,1
29,4
29,3
29,2
29,1
28,5
28,4
28,3
28,1
27,4
27,3
27,1
26,4
26,3
26,1
25,5
25,4
25,3
25,1
24,4
24,3
24,1
14,5
12,1
12,3
